0.01000 0.28000 0.00000
0.01000 0.52000 0.00000
0.25000 0.52000 0.00000
0.25000 0.28000 0.00000
-0.24000 0.01000 0.00000
-0.24000 0.18000 0.00000
-0.07000 0.18000 0.00000
-0.07000 0.01000 0.00000
0.08000 0.10000 0.00000
0.08000 0.27000 0.00000
0.25000 0.27000 0.00000
0.25000 0.10000 0.00000
-0.15000 0.19000 0.00000
-0.15000 0.27000 0.00000
-0.07000 0.27000 0.00000
-0.07000 0.19000 0.00000
-0.24000 0.19000 0.00000
-0.24000 0.27000 0.00000
-0.16000 0.27000 0.00000
-0.16000 0.19000 0.00000
0.17000 0.01000 0.00000
0.17000 0.09000 0.00000
0.25000 0.09000 0.00000
0.25000 0.01000 0.00000
0.08000 0.01000 0.00000
0.08000 0.09000 0.00000
0.16000 0.09000 0.00000
0.16000 0.01000 0.00000
0.01000 0.01000 0.00000
0.01000 0.07000 0.00000
0.07000 0.07000 0.00000
0.07000 0.01000 0.00000
-0.06000 0.01000 0.00000
-0.06000 0.07000 0.00000
0.00000 0.07000 0.00000
0.00000 0.01000 0.00000
-0.06000 0.21000 0.00000
-0.06000 0.27000 0.00000
0.00000 0.27000 0.00000
0.00000 0.21000 0.00000
0.01000 0.21000 0.00000
0.01000 0.27000 0.00000
0.07000 0.27000 0.00000
0.07000 0.21000 0.00000
-0.05500 0.08000 0.00000
-0.05500 0.20000 0.00000
0.06500 0.20000 0.00000
0.06500 0.08000 0.00000
-0.24000 0.28000 0.00000
-0.24000 0.52000 0.00000
0.00000 0.52000 0.00000
0.00000 0.28000 0.00000
0.01000-0.24000 0.00000
0.01000 0.00000 0.00000
0.25000 0.00000 0.00000
0.25000-0.24000 0.00000
-0.24000-0.24000 0.00000
-0.24000 0.00000 0.00000
0.00000 0.00000 0.00000
0.00000-0.24000 0.00000